Linux 4.2.8-300.fc23.x86_64 (localhost.localdomain) 	25/04/16 	_x86_64_	(1 CPU)

13:45:20     CPU    %usr   %nice    %sys %iowait    %irq   %soft  %steal  %guest  %gnice   %idle
13:45:21     all   97.00    0.00    0.00    0.00    0.00    0.00    0.00    0.00    0.00    3.00
13:45:22     all   98.00    0.00    0.00    0.00    0.00    0.00    0.00    0.00    0.00    2.00
13:45:23     all  100.00    0.00    0.00    0.00    0.00    0.00    0.00    0.00    0.00    0.00
13:45:24     all  100.00    0.00    0.00    0.00    0.00    0.00    0.00    0.00    0.00    0.00
13:45:25     all  100.00    0.00    0.00    0.00    0.00    0.00    0.00    0.00    0.00    0.00
13:45:26     all  100.00    0.00    0.00    0.00    0.00    0.00    0.00    0.00    0.00    0.00
13:45:27     all   99.01    0.00    0.99    0.00    0.00    0.00    0.00    0.00    0.00    0.00
13:45:28     all  100.00    0.00    0.00    0.00    0.00    0.00    0.00    0.00    0.00    0.00
13:45:29     all  100.00    0.00    0.00    0.00    0.00    0.00    0.00    0.00    0.00    0.00
13:45:30     all  100.00    0.00    0.00    0.00    0.00    0.00    0.00    0.00    0.00    0.00
Average:     all   99.40    0.00    0.10    0.00    0.00    0.00    0.00    0.00    0.00    0.50
